22	2	19	24	15	6	13	16	4	7	5	1
21	12	17	18	19	20	11	1	7	24	4	23
24	20	8	5	21	18	6	19	22	10	4	17
17	24	20	2	19	23	3	8	21	22	6	1
16	14	10	9	4	6	7	22	18	20	3	11
20	23	18	3	24	6	19	2	21	7	12	1
15	22	1	5	18	10	4	21	11	8	12	9
18	4	16	14	17	15	21	1	12	7	23	9
21	7	24	2	3	11	17	23	19	20	9	10
3	23	9	11	16	7	1	21	8	19	15	24
10	24	21	16	7	11	17	12	18	6	22	8
6	15	7	24	10	13	8	22	11	17	3	23
17	9	7	24	4	14	8	23	13	6	21	12
23	12	16	22	20	21	10	6	11	18	4	19
20	14	2	22	15	17	23	24	7	11	4	8
21	22	6	11	17	12	16	14	7	3	20	2
9	1	15	3	5	11	13	2	24	8	14	19
13	18	1	17	19	12	15	14	5	6	23	10
4	2	15	6	17	9	16	14	8	24	19	10
23	10	24	3	15	2	6	12	11	18	4	14
15	13	24	10	18	1	16	8	2	4	12	14
12	23	22	3	14	4	18	20	13	7	15	11
18	24	14	15	20	2	19	4	7	11	9	10
22	21	24	10	8	13	16	12	19	1	3	9
21	23	11	14	18	5	12	4	2	3	10	20
2	9	21	11	16	5	20	4	14	18	22	7
15	19	21	13	24	3	4	17	5	12	7	1
14	9	15	4	13	8	17	11	12	6	21	18
10	4	22	24	19	17	15	13	9	14	7	8
8	12	11	3	24	18	6	5	7	2	21	15
8	15	19	7	1	14	23	17	13	5	16	10
17	5	11	6	15	7	13	14	19	22	1	16
4	1	24	12	18	20	22	11	6	15	9	5
2	5	6	4	21	19	24	7	14	16	13	10
7	21	2	3	17	12	20	6	19	16	22	8
24	21	19	13	4	20	22	3	6	15	1	18
18	2	17	13	15	9	24	1	4	19	7	16
10	22	11	3	19	16	1	14	17	18	20	5
11	13	8	17	6	21	22	14	18	16	1	10
22	6	3	23	16	10	2	4	8	7	13	5
22	16	9	1	20	4	13	14	3	10	21	17
18	12	11	15	23	8	1	5	22	16	7	4
13	9	5	21	12	4	6	23	24	7	16	3
12	15	10	11	4	2	13	9	1	8	18	7
16	9	8	2	4	19	15	23	12	7	3	21
14	2	18	20	12	9	10	19	13	15	8	21
6	19	17	24	20	5	14	12	10	4	16	11
13	11	20	8	3	14	21	4	19	15	24	17
